t_tot,t,m,m2,m4,E
0.001875,0.001875,-0.01375,0.0001890625,3.57446289063e-08,-32
0.003125,0.00125,-0.01625,0.0002640625,6.97290039063e-08,-44
0.006875,0.00375,-0.02375,0.0005640625,3.18166503906e-07,-64
0.0075,0.000625,-0.0225,0.00050625,2.562890625e-07,-72
0.0125,0.005,-0.0125,0.00015625,2.44140625e-08,-80
0.015625,0.003125,-0.00625,3.90625e-05,1.52587890625e-09,-84
0.019375,0.00375,-0.01375,0.0001890625,3.57446289063e-08,-104
0.02,0.000625,-0.015,0.000225,5.0625e-08,-100
0.02375,0.00375,-0.0075,5.625e-05,3.1640625e-09,-116
0.029375,0.005625,0.00375,1.40625e-05,1.9775390625e-10,-124
0.034999999999999996,0.005625,0.015,0.000225,5.0625e-08,-144
0.03625,0.00125,0.0125,0.00015625,2.44140625e-08,-152
0.040624999999999994,0.004375,0.00375,1.40625e-05,1.9775390625e-10,-168
0.041249999999999995,0.000625,0.005,2.5e-05,6.25e-10,-172
0.04624999999999999,0.005,0.015,0.000225,5.0625e-08,-200
0.05999999999999999,0.01375,0.0425,0.00180625,3.2625390625e-06,-268
0.06249999999999999,0.0025,0.0375,0.00140625,1.9775390625e-06,-268
0.070625,0.008125,0.02125,0.0004515625,2.03908691406e-07,-308
0.07874999999999999,0.008125,0.005,2.5e-05,6.25e-10,-328
0.08062499999999999,0.001875,0.00125,1.5625e-06,2.44140625e-12,-324
0.08562499999999999,0.005,0.01125,0.0001265625,1.60180664062e-08,-336
0.09125,0.005625,0.0,0.0,0.0,-356
0.1025,0.01125,0.0225,0.00050625,2.562890625e-07,-404
0.1075,0.005,0.0125,0.00015625,2.44140625e-08,-424
0.108125,0.000625,0.01375,0.0001890625,3.57446289063e-08,-432
0.11,0.001875,0.0175,0.00030625,9.37890625e-08,-436
0.114375,0.004375,0.02625,0.0006890625,4.74807128906e-07,-444
0.12062500000000001,0.00625,0.03875,0.0015015625,2.25468994141e-06,-460
0.13062500000000002,0.01,0.01875,0.0003515625,1.23596191406e-07,-468
0.1325,0.001875,0.015,0.000225,5.0625e-08,-480
0.18812500000000001,0.055625,-0.09625,0.0092640625,8.58228540039e-05,-608
0.19312500000000002,0.005,-0.10625,0.0112890625,0.000127442932129,-636
0.1975,0.004375,-0.0975,0.00950625,9.03687890625e-05,-656
0.211875,0.014375,-0.06875,0.0047265625,2.23403930664e-05,-680
0.215,0.003125,-0.075,0.005625,3.1640625e-05,-692
0.26375,0.04875,0.0225,0.00050625,2.562890625e-07,-760
0.26875,0.005,0.0125,0.00015625,2.44140625e-08,-776
0.269375,0.000625,0.01375,0.0001890625,3.57446289063e-08,-784
0.385625,0.11625,0.24625,0.0606390625,0.00367709590088,-880
0.38625,0.000625,0.2475,0.06125625,0.00375232816406,-884
0.39125,0.005,0.2575,0.06630625,0.00439651878906,-888
0.498125,0.106875,0.04375,0.0019140625,3.66363525391e-06,-1044
0.70875,0.210625,-0.3775,0.14250625,0.0203080312891,-1380
0.713125,0.004375,-0.38625,0.1491890625,0.0222573763696,-1392
1.235625,0.5225,0.65875,0.4339515625,0.188313958596,-1916
1.975,0.739375,-0.82,0.6724,0.45212176,-2416
2.82125,0.84625,0.8725,0.76125625,0.579511078164,-2708
3.725625,0.904375,-0.93625,0.8765640625,0.768364555667,-2916
3.72625,0.000625,-0.935,0.874225,0.764269350625,-2912
4.6743749999999995,0.948125,0.96125,0.9240015625,0.853778887502,-2996
4.675,0.000625,0.96,0.9216,0.84934656,-2988
5.63375,0.95875,-0.9575,0.91680625,0.840533700039,-2968
6.58875,0.955,0.9525,0.90725625,0.823113903164,-2952
7.538125,0.949375,-0.94625,0.8953890625,0.801721573245,-2920
8.489375,0.95125,0.95625,0.9144140625,0.836153077698,-2964
9.436250000000001,0.946875,-0.9375,0.87890625,0.772476196289,-2904
10.383750000000001,0.9475,0.9575,0.91680625,0.840533700039,-2976
11.344375000000001,0.960625,-0.96375,0.9288140625,0.862695562698,-3012
12.301250000000001,0.956875,0.95,0.9025,0.81450625,-2940
13.25125,0.95,-0.95,0.9025,0.81450625,-2956
14.21125,0.96,0.97,0.9409,0.88529281,-3024
14.2125,0.00125,0.9675,0.93605625,0.876201303164,-3012
15.18375,0.97125,-0.975,0.950625,0.903687890625,-3056
16.15125,0.9675,0.96,0.9216,0.84934656,-3000
17.11375,0.9625,-0.965,0.931225,0.867180000625,-3008
18.07375,0.96,0.955,0.912025,0.831789600625,-2984
19.028125,0.954375,-0.95375,0.9096390625,0.827443224026,-2932
19.9725,0.944375,0.935,0.874225,0.764269350625,-2888
20.91,0.9375,-0.94,0.8836,0.78074896,-2904
21.86375,0.95375,0.9675,0.93605625,0.876201303164,-3020
22.8275,0.96375,-0.96,0.9216,0.84934656,-2980
23.798125,0.970625,0.98125,0.9628515625,0.927083131409,-3084
24.766875,0.96875,-0.95625,0.9144140625,0.836153077698,-2956
25.724375,0.9575,0.95875,0.9192015625,0.844931512502,-2980
26.678124999999998,0.95375,-0.94875,0.9001265625,0.810227828518,-2920
27.6225,0.944375,0.94,0.8836,0.78074896,-2904
27.623124999999998,0.000625,0.94125,0.8859515625,0.784910171096,-2912
28.577499999999997,0.954375,-0.9675,0.93605625,0.876201303164,-3024
29.54875,0.97125,0.975,0.950625,0.903687890625,-3056
30.514999999999997,0.96625,-0.9575,0.91680625,0.840533700039,-2984
30.515624999999996,0.000625,-0.95625,0.9144140625,0.836153077698,-2976
31.474999999999998,0.959375,0.9625,0.92640625,0.858228540039,-2984
32.443124999999995,0.968125,-0.97375,0.9481890625,0.899062498245,-3056
33.411249999999995,0.968125,0.9625,0.92640625,0.858228540039,-2992
34.372499999999995,0.96125,-0.96,0.9216,0.84934656,-2960
35.33624999999999,0.96375,0.9675,0.93605625,0.876201303164,-3024
36.29624999999999,0.96,-0.9525,0.90725625,0.823113903164,-2980
37.25999999999999,0.96375,0.975,0.950625,0.903687890625,-3056
38.22812499999999,0.968125,-0.96125,0.9240015625,0.853778887502,-2988
39.18437499999999,0.95625,0.95125,0.9048765625,0.818801593362,-2940
40.12999999999999,0.945625,-0.94,0.8836,0.78074896,-2944
41.078124999999986,0.948125,0.95625,0.9144140625,0.836153077698,-2932
42.031249999999986,0.953125,-0.95,0.9025,0.81450625,-2948
42.984999999999985,0.95375,0.9575,0.91680625,0.840533700039,-2968
43.94312499999999,0.958125,-0.95875,0.9192015625,0.844931512502,-2976
44.898749999999986,0.955625,0.9525,0.90725625,0.823113903164,-2928
45.851874999999986,0.953125,-0.95375,0.9096390625,0.827443224026,-3000
46.813749999999985,0.961875,0.97,0.9409,0.88529281,-3036
47.77749999999998,0.96375,-0.9575,0.91680625,0.840533700039,-2992
48.74062499999998,0.963125,0.96875,0.9384765625,0.880738258362,-3016
49.70312499999998,0.9625,-0.95625,0.9144140625,0.836153077698,-2952
50.667499999999976,0.964375,0.9725,0.94575625,0.894454884414,-3040
