t_tot,t,m,m2,m4,E
0.001,0.001,0.0052,2.704e-05,7.311616e-10,-148
0.0012000000000000001,0.0002,0.0056,3.136e-05,9.834496e-10,-156
0.0034000000000000002,0.0022,0.0012,1.44e-06,2.0736e-12,-208
0.011300000000000001,0.0079,0.017,0.000289,8.3521e-08,-460
0.014600000000000002,0.0033,0.0236,0.00055696,3.102044416e-07,-576
0.014700000000000001,0.0001,0.0234,0.00054756,2.998219536e-07,-584
0.0158,0.0011,0.0256,0.00065536,4.294967296e-07,-632
0.0165,0.0007,0.027,0.000729,5.31441e-07,-656
0.0173,0.0008,0.0286,0.00081796,6.690585616e-07,-692
0.0212,0.0039,0.0364,0.00132496,1.7555190016e-06,-812
0.0233,0.0021,0.0406,0.00164836,2.7170906896e-06,-872
0.035500000000000004,0.0122,0.065,0.004225,1.7850625e-05,-1168
0.042100000000000005,0.0066,0.0518,0.00268324,7.1997768976e-06,-1364
0.043300000000000005,0.0012,0.0494,0.00244036,5.9553569296e-06,-1404
0.05040000000000001,0.0071,0.0352,0.00123904,1.5352201216e-06,-1608
0.05050000000000001,0.0001,0.035,0.001225,1.500625e-06,-1616
0.05070000000000001,0.0002,0.0354,0.00125316,1.5704099856e-06,-1624
0.10320000000000001,0.0525,-0.0696,0.00484416,2.34658861056e-05,-2668
0.10560000000000001,0.0024,-0.0744,0.00553536,3.06402103296e-05,-2740
0.10680000000000002,0.0012,-0.072,0.005184,2.6873856e-05,-2776
0.10900000000000001,0.0022,-0.0676,0.00456976,2.08827064576e-05,-2836
0.1496,0.0406,-0.1488,0.02214144,0.000490243365274,-3504
0.1539,0.0043,-0.1402,0.01965604,0.000386359908482,-3636
0.1542,0.0003,-0.1408,0.01982464,0.00039301635113,-3644
0.1543,0.0001,-0.1406,0.01976836,0.00039078805709,-3652
0.4001,0.2458,0.351,0.123201,0.015178486401,-6844
0.4003,0.0002,0.3514,0.12348196,0.0152477944454,-6856
0.8394999999999999,0.4392,-0.527,0.277729,0.077133397441,-10688
0.8422999999999999,0.0028,-0.5214,0.27185796,0.0739067504153,-10776
1.4668999999999999,0.6246,0.7278,0.52969284,0.280574504747,-14408
2.2882,0.8213,-0.9148,0.83685904,0.70033305283,-17796
3.2398,0.9516,0.9884,0.97693456,0.954401134522,-19640
4.2338,0.994,-0.9996,0.99920016,0.998400959744,-19984
5.233599999999999,0.9998,1.0,1.0,1.0,-20000
6.2334,0.9998,-0.9996,0.99920016,0.998400959744,-19984
7.233099999999999,0.9997,0.9998,0.99960004,0.999200239968,-19992
8.232999999999999,0.9999,-1.0,1.0,1.0,-20000
9.232899999999999,0.9999,0.9998,0.99960004,0.999200239968,-19992
10.232299999999999,0.9994,-0.999,0.998001,0.996005996001,-19960
11.231799999999998,0.9995,1.0,1.0,1.0,-20000
12.231599999999998,0.9998,-0.9996,0.99920016,0.998400959744,-19984
13.231399999999999,0.9998,1.0,1.0,1.0,-20000
14.2313,0.9999,-0.9998,0.99960004,0.999200239968,-19992
15.230799999999999,0.9995,0.9992,0.99840064,0.996803837952,-19968
16.2304,0.9996,-1.0,1.0,1.0,-20000
17.2303,0.9999,0.9998,0.99960004,0.999200239968,-19992
18.23,0.9997,-0.9996,0.99920016,0.998400959744,-19984
19.229400000000002,0.9994,0.9992,0.99840064,0.996803837952,-19968
20.229000000000003,0.9996,-1.0,1.0,1.0,-20000
21.229000000000003,1.0,1.0,1.0,1.0,-20000
22.228900000000003,0.9999,-0.9998,0.99960004,0.999200239968,-19992
23.228800000000003,0.9999,1.0,1.0,1.0,-20000
24.228800000000003,1.0,-1.0,1.0,1.0,-20000
25.228600000000004,0.9998,0.9996,0.99920016,0.998400959744,-19984
26.228300000000004,0.9997,-0.9998,0.99960004,0.999200239968,-19992
27.228000000000005,0.9997,0.9996,0.99920016,0.998400959744,-19984
28.227700000000006,0.9997,-0.9998,0.99960004,0.999200239968,-19992
29.227600000000006,0.9999,1.0,1.0,1.0,-20000
30.227300000000007,0.9997,-0.9994,0.99880036,0.997602159136,-19976
31.227000000000007,0.9997,1.0,1.0,1.0,-20000
32.226800000000004,0.9998,-0.9996,0.99920016,0.998400959744,-19984
33.226400000000005,0.9996,0.9996,0.99920016,0.998400959744,-19984
34.226200000000006,0.9998,-1.0,1.0,1.0,-20000
35.226000000000006,0.9998,0.9996,0.99920016,0.998400959744,-19984
36.22560000000001,0.9996,-0.9996,0.99920016,0.998400959744,-19984
37.22540000000001,0.9998,1.0,1.0,1.0,-20000
38.22520000000001,0.9998,-0.9996,0.99920016,0.998400959744,-19984
39.224900000000005,0.9997,0.9998,0.99960004,0.999200239968,-19992
40.2246,0.9997,-0.9996,0.99920016,0.998400959744,-19984
41.2241,0.9995,0.9994,0.99880036,0.997602159136,-19976
42.2236,0.9995,-0.9996,0.99920016,0.998400959744,-19984
43.2234,0.9998,1.0,1.0,1.0,-20000
44.2232,0.9998,-0.9996,0.99920016,0.998400959744,-19984
45.222899999999996,0.9997,0.9998,0.99960004,0.999200239968,-19992
46.222699999999996,0.9998,-0.9998,0.99960004,0.999200239968,-19992
47.2223,0.9996,0.9994,0.99880036,0.997602159136,-19980
48.2219,0.9996,-0.9998,0.99960004,0.999200239968,-19992
49.221799999999995,0.9999,1.0,1.0,1.0,-20000
50.22169999999999,0.9999,-0.9998,0.99960004,0.999200239968,-19992
51.22139999999999,0.9997,0.9996,0.99920016,0.998400959744,-19984
52.22099999999999,0.9996,-0.9996,0.99920016,0.998400959744,-19984
53.22069999999999,0.9997,0.9998,0.99960004,0.999200239968,-19992
54.22049999999999,0.9998,-0.9998,0.99960004,0.999200239968,-19992
55.22029999999999,0.9998,0.9998,0.99960004,0.999200239968,-19992
56.220199999999984,0.9999,-1.0,1.0,1.0,-20000
57.22009999999998,0.9999,0.9998,0.99960004,0.999200239968,-19992
58.21989999999998,0.9998,-0.9998,0.99960004,0.999200239968,-19992
59.21949999999998,0.9996,0.9994,0.99880036,0.997602159136,-19976
60.21879999999998,0.9993,-0.9992,0.99840064,0.996803837952,-19968
61.21809999999998,0.9993,0.9994,0.99880036,0.997602159136,-19976
62.21729999999998,0.9992,-0.999,0.998001,0.996005996001,-19960
63.21659999999998,0.9993,0.9996,0.99920016,0.998400959744,-19984
64.21639999999998,0.9998,-1.0,1.0,1.0,-20000
65.21639999999998,1.0,1.0,1.0,1.0,-20000
66.21639999999998,1.0,-1.0,1.0,1.0,-20000
67.21619999999997,0.9998,0.9996,0.99920016,0.998400959744,-19984
68.21589999999998,0.9997,-0.9998,0.99960004,0.999200239968,-19992
69.21569999999997,0.9998,0.9998,0.99960004,0.999200239968,-19992
70.21559999999997,0.9999,-1.0,1.0,1.0,-20000
71.21539999999996,0.9998,0.9996,0.99920016,0.998400959744,-19984
72.21499999999996,0.9996,-0.9996,0.99920016,0.998400959744,-19984
73.21459999999996,0.9996,0.9996,0.99920016,0.998400959744,-19988
74.21429999999997,0.9997,-0.9998,0.99960004,0.999200239968,-19992
75.21409999999996,0.9998,0.9998,0.99960004,0.999200239968,-19992
76.21399999999996,0.9999,-1.0,1.0,1.0,-20000
77.21379999999995,0.9998,0.9996,0.99920016,0.998400959744,-19984
78.21329999999995,0.9995,-0.9994,0.99880036,0.997602159136,-19976
79.21259999999995,0.9993,0.9992,0.99840064,0.996803837952,-19968
80.21209999999995,0.9995,-0.9998,0.99960004,0.999200239968,-19992
