t_tot,t,m,m2,m4,E
0.0036,0.0036,-0.004,1.6e-05,2.56e-10,116
0.0052,0.0016,-0.0072,5.184e-05,2.6873856e-09,108
0.008799999999999999,0.0036,-2.16840434497e-19,4.70197740329e-38,2.2108591501e-75,80
0.010799999999999999,0.002,-0.004,1.6e-05,2.56e-10,56
0.0124,0.0016,-0.0072,5.184e-05,2.6873856e-09,48
0.0132,0.0008,-0.0056,3.136e-05,9.834496e-10,44
0.0156,0.0024,-0.0008,6.4e-07,4.096e-13,28
0.0232,0.0076,0.0144,0.00020736,4.29981696e-08,-28
0.0252,0.002,0.0104,0.00010816,1.16985856e-08,-48
0.027200000000000002,0.002,0.0144,0.00020736,4.29981696e-08,-64
0.0296,0.0024,0.0096,9.216e-05,8.4934656e-09,-80
0.0332,0.0036,0.0024,5.76e-06,3.31776e-11,-92
0.0356,0.0024,0.0072,5.184e-05,2.6873856e-09,-100
0.0408,0.0052,0.0176,0.00030976,9.59512576e-08,-132
0.046400000000000004,0.0056,0.0064,4.096e-05,1.6777216e-09,-172
0.0756,0.0292,-0.052,0.002704,7.311616e-06,-292
0.094,0.0184,-0.0152,0.00023104,5.33794816e-08,-384
0.0944,0.0004,-0.0144,0.00020736,4.29981696e-08,-384
0.0984,0.004,-0.0064,4.096e-05,1.6777216e-09,-408
0.0988,0.0004,-0.0072,5.184e-05,2.6873856e-09,-408
0.0996,0.0008,-0.0088,7.744e-05,5.9969536e-09,-420
0.1008,0.0012,-0.0064,4.096e-05,1.6777216e-09,-428
0.1024,0.0016,-0.0032,1.024e-05,1.048576e-10,-432
0.14400000000000002,0.0416,-0.0864,0.00746496,5.57256278016e-05,-512
0.1496,0.0056,-0.0752,0.00565504,3.19794774016e-05,-536
0.15080000000000002,0.0012,-0.0728,0.00529984,2.80883040256e-05,-544
0.1524,0.0016,-0.0696,0.00484416,2.34658861056e-05,-556
0.22,0.0676,0.0656,0.00430336,1.85189072896e-05,-772
0.2244,0.0044,0.0568,0.00322624,1.04086245376e-05,-792
0.3416,0.1172,-0.1776,0.03154176,0.000994882623898,-1072
0.3448,0.0032,-0.184,0.033856,0.001146228736,-1096
0.35559999999999997,0.0108,-0.1624,0.02637376,0.000695575216538,-1148
0.6232,0.2676,0.3728,0.13897984,0.0193153959264,-1716
0.6235999999999999,0.0004,0.372,0.138384,0.019150131456,-1716
1.0395999999999999,0.416,-0.46,0.2116,0.04477456,-2396
1.5768,0.5372,0.6144,0.37748736,0.14249670696,-3000
2.2396,0.6628,-0.7112,0.50580544,0.255839143134,-3540
3.0035999999999996,0.764,0.8168,0.66716224,0.445105454482,-3868
3.8747999999999996,0.8712,-0.9256,0.85673536,0.733995477074,-4472
4.8168,0.942,0.9584,0.91853056,0.843698389654,-4652
5.7844,0.9676,-0.9768,0.95413824,0.91037978103,-4784
6.7627999999999995,0.9784,0.98,0.9604,0.92236816,-4816
7.7444,0.9816,-0.9832,0.96668224,0.934474553131,-4848
8.719199999999999,0.9748,0.9664,0.93392896,0.872223302327,-4700
9.689599999999999,0.9704,-0.9744,0.94945536,0.901465480633,-4772
10.661999999999999,0.9724,0.9704,0.94167616,0.886753990312,-4752
11.633999999999999,0.972,-0.9736,0.94789696,0.898508646777,-4764
12.601999999999999,0.968,0.9624,0.92621376,0.857871929213,-4680
13.569599999999998,0.9676,-0.9728,0.94633984,0.895559092771,-4756
14.544399999999998,0.9748,0.9768,0.95413824,0.91037978103,-4772
15.516799999999998,0.9724,-0.968,0.937024,0.878013976576,-4720
16.481199999999998,0.9644,0.9608,0.92313664,0.852181256111,-4664
17.445999999999998,0.9648,-0.9688,0.93857344,0.880920102274,-4736
18.418799999999997,0.9728,0.9768,0.95413824,0.91037978103,-4800
19.3924,0.9736,-0.9704,0.94167616,0.886753990312,-4768
20.3632,0.9708,0.9712,0.94322944,0.889681776483,-4748
21.3336,0.9704,-0.9696,0.94012416,0.883833436216,-4736
22.306,0.9724,0.9752,0.95101504,0.904429606306,-4776
23.276,0.97,-0.9648,0.93083904,0.866461318388,-4692
24.2376,0.9616,0.9584,0.91853056,0.843698389654,-4672
25.2056,0.968,-0.9776,0.95570176,0.913365854067,-4804
26.1784,0.9728,0.968,0.937024,0.878013976576,-4756
27.146,0.9676,-0.9672,0.93547584,0.875115047224,-4728
28.1128,0.9668,0.9664,0.93392896,0.872223302327,-4708
29.078,0.9652,-0.964,0.929296,0.863591055616,-4688
30.0412,0.9632,0.9624,0.92621376,0.857871929213,-4712
31.0088,0.9676,-0.9728,0.94633984,0.895559092771,-4752
31.9804,0.9716,0.9704,0.94167616,0.886753990312,-4744
32.9516,0.9712,-0.972,0.944784,0.892616806656,-4756
33.9228,0.9712,0.9704,0.94167616,0.886753990312,-4736
34.894000000000005,0.9712,-0.972,0.944784,0.892616806656,-4740
35.867200000000004,0.9732,0.9744,0.94945536,0.901465480633,-4756
36.846000000000004,0.9788,-0.9832,0.96668224,0.934474553131,-4840
37.827200000000005,0.9812,0.9792,0.95883264,0.919360031529,-4800
38.80200000000001,0.9748,-0.9704,0.94167616,0.886753990312,-4744
39.77080000000001,0.9688,0.9672,0.93547584,0.875115047224,-4724
40.73640000000001,0.9656,-0.964,0.929296,0.863591055616,-4704
41.70400000000001,0.9676,0.9712,0.94322944,0.889681776483,-4740
42.674400000000006,0.9704,-0.9696,0.94012416,0.883833436216,-4752
43.638000000000005,0.9636,0.9576,0.91699776,0.840884891845,-4652
44.602000000000004,0.964,-0.9704,0.94167616,0.886753990312,-4740
44.6024,0.0004,-0.9696,0.94012416,0.883833436216,-4736
45.572,0.9696,0.9696,0.94012416,0.883833436216,-4732
46.543200000000006,0.9712,-0.9728,0.94633984,0.895559092771,-4768
47.513600000000004,0.9704,0.968,0.937024,0.878013976576,-4720
48.476800000000004,0.9632,-0.9584,0.91853056,0.843698389654,-4700
49.440400000000004,0.9636,0.9688,0.93857344,0.880920102274,-4724
50.4104,0.97,-0.9712,0.94322944,0.889681776483,-4740
51.378800000000005,0.9684,0.9656,0.93238336,0.869338730005,-4716
52.3436,0.9648,-0.964,0.929296,0.863591055616,-4696
53.3096,0.966,0.968,0.937024,0.878013976576,-4716
54.278400000000005,0.9688,-0.9696,0.94012416,0.883833436216,-4744
55.2524,0.974,0.9784,0.95726656,0.916359266894,-4804
56.223600000000005,0.9712,-0.964,0.929296,0.863591055616,-4724
57.19160000000001,0.968,0.972,0.944784,0.892616806656,-4744
58.168000000000006,0.9764,-0.9808,0.96196864,0.925383664344,-4816
59.14560000000001,0.9776,0.9744,0.94945536,0.901465480633,-4756
60.12080000000001,0.9752,-0.976,0.952576,0.907401035776,-4780
61.09320000000001,0.9724,0.9688,0.93857344,0.880920102274,-4728
62.06160000000001,0.9684,-0.968,0.937024,0.878013976576,-4740
63.036000000000016,0.9744,0.9808,0.96196864,0.925383664344,-4836
64.01360000000001,0.9776,-0.9744,0.94945536,0.901465480633,-4788
64.98960000000001,0.976,0.9776,0.95570176,0.913365854067,-4788
65.96600000000001,0.9764,-0.9752,0.95101504,0.904429606306,-4768
66.9444,0.9784,0.9816,0.96353856,0.928406556607,-4820
67.9156,0.9712,-0.9608,0.92313664,0.852181256111,-4700
68.88,0.9644,0.968,0.937024,0.878013976576,-4736
69.84599999999999,0.966,-0.964,0.929296,0.863591055616,-4696
70.80999999999999,0.964,0.964,0.929296,0.863591055616,-4700
71.7772,0.9672,-0.9704,0.94167616,0.886753990312,-4740
72.7468,0.9696,0.9688,0.93857344,0.880920102274,-4760
73.71919999999999,0.9724,-0.976,0.952576,0.907401035776,-4776
74.69359999999999,0.9744,0.9728,0.94633984,0.895559092771,-4748
75.6672,0.9736,-0.9744,0.94945536,0.901465480633,-4768
76.6428,0.9756,0.9768,0.95413824,0.91037978103,-4792
77.6156,0.9728,-0.9688,0.93857344,0.880920102274,-4728
78.58,0.9644,0.96,0.9216,0.84934656,-4648
79.5404,0.9604,-0.9608,0.92313664,0.852181256111,-4684
80.5052,0.9648,0.9688,0.93857344,0.880920102274,-4744
