t_tot,t,m,m2,m4,E
0.0008,0.0008,-0.0088,7.744e-05,5.9969536e-09,-4
0.0012000000000000001,0.0004,-0.008,6.4e-05,4.096e-09,-8
0.0028000000000000004,0.0016,-0.0048,2.304e-05,5.308416e-10,-20
0.0152,0.0124,-0.0296,0.00087616,7.676563456e-07,-104
0.0252,0.01,-0.0096,9.216e-05,8.4934656e-09,-184
0.027200000000000002,0.002,-0.0136,0.00018496,3.42102016e-08,-204
0.027600000000000003,0.0004,-0.0144,0.00020736,4.29981696e-08,-208
0.028000000000000004,0.0004,-0.0152,0.00023104,5.33794816e-08,-216
0.030000000000000006,0.002,-0.0112,0.00012544,1.57351936e-08,-236
0.036000000000000004,0.006,0.0008,6.4e-07,4.096e-13,-260
0.1008,0.0648,0.1304,0.01700416,0.000289141457306,-552
0.1104,0.0096,0.1112,0.01236544,0.000152904106394,-620
0.1196,0.0092,0.1296,0.01679616,0.000282110990746,-668
0.12,0.0004,0.1304,0.01700416,0.000289141457306,-672
0.1236,0.0036,0.1376,0.01893376,0.000358487267738,-684
0.124,0.0004,0.1384,0.01915456,0.000366897168794,-692
0.158,0.034,0.0704,0.00495616,2.45635219456e-05,-836
0.1628,0.0048,0.0608,0.00369664,1.36651472896e-05,-872
0.1632,0.0004,0.06,0.0036,1.296e-05,-876
0.1652,0.002,0.056,0.003136,9.834496e-06,-896
0.16640000000000002,0.0012,0.0584,0.00341056,1.16319195136e-05,-908
0.29280000000000006,0.1264,-0.1944,0.03779136,0.00142818689065,-1212
0.30280000000000007,0.01,-0.2144,0.04596736,0.00211299818537,-1268
0.3036000000000001,0.0008,-0.2128,0.04528384,0.00205062616515,-1276
0.6276000000000002,0.324,0.4352,0.18939904,0.0358719963529,-2140
1.1696000000000002,0.542,-0.6488,0.42094144,0.177191695909,-2972
1.9084000000000003,0.7388,0.8288,0.68690944,0.471844578761,-3956
1.9100000000000004,0.0016,0.832,0.692224,0.479174066176,-3976
2.7932000000000006,0.8832,-0.9344,0.87310336,0.762309477243,-4572
3.7496000000000005,0.9564,0.9784,0.95726656,0.916359266894,-4828
4.735200000000001,0.9856,-0.9928,0.98565184,0.971509549695,-4932
5.728000000000001,0.9928,0.9928,0.98565184,0.971509549695,-4932
6.7216000000000005,0.9936,-0.9944,0.98883136,0.97778745852,-4944
7.7164,0.9948,0.9952,0.99042304,0.980937798163,-4952
8.7112,0.9948,-0.9944,0.98883136,0.97778745852,-4948
9.7068,0.9956,0.9968,0.99361024,0.987261309033,-4968
10.703999999999999,0.9972,-0.9976,0.99520576,0.990434504737,-4976
11.700399999999998,0.9964,0.9952,0.99042304,0.980937798163,-4956
12.694799999999999,0.9944,-0.9936,0.98724096,0.974644713102,-4936
13.6884,0.9936,0.9936,0.98724096,0.974644713102,-4940
14.6832,0.9948,-0.996,0.992016,0.984095744256,-4960
15.6792,0.996,0.996,0.992016,0.984095744256,-4964
16.6732,0.994,-0.992,0.984064,0.968381956096,-4920
17.666400000000003,0.9932,0.9944,0.98883136,0.97778745852,-4944
18.662800000000004,0.9964,-0.9984,0.99680256,0.993615343623,-4984
19.659600000000005,0.9968,0.9952,0.99042304,0.980937798163,-4952
20.655600000000003,0.996,-0.9968,0.99361024,0.987261309033,-4968
21.652400000000004,0.9968,0.9968,0.99361024,0.987261309033,-4968
22.649200000000004,0.9968,-0.9968,0.99361024,0.987261309033,-4968
23.645200000000003,0.996,0.9952,0.99042304,0.980937798163,-4952
24.642400000000002,0.9972,-0.9992,0.99840064,0.996803837952,-4992
25.638800000000003,0.9964,0.9936,0.98724096,0.974644713102,-4940
26.634400000000003,0.9956,-0.9976,0.99520576,0.990434504737,-4976
27.630800000000004,0.9964,0.9952,0.99042304,0.980937798163,-4956
28.625600000000006,0.9948,-0.9944,0.98883136,0.97778745852,-4944
29.618000000000006,0.9924,0.9904,0.98089216,0.96214942955,-4904
30.610000000000007,0.992,-0.9936,0.98724096,0.974644713102,-4936
31.605200000000007,0.9952,0.9968,0.99361024,0.987261309033,-4968
31.605600000000006,0.0004,0.9976,0.99520576,0.990434504737,-4976
32.601600000000005,0.996,-0.9944,0.98883136,0.97778745852,-4944
33.595600000000005,0.994,0.9936,0.98724096,0.974644713102,-4944
34.59160000000001,0.996,-0.9984,0.99680256,0.993615343623,-4984
35.58840000000001,0.9968,0.9952,0.99042304,0.980937798163,-4956
36.58520000000001,0.9968,-0.9984,0.99680256,0.993615343623,-4984
37.58200000000001,0.9968,0.9952,0.99042304,0.980937798163,-4956
38.57640000000001,0.9944,-0.9936,0.98724096,0.974644713102,-4940
39.56920000000001,0.9928,0.992,0.984064,0.968381956096,-4928
40.56200000000001,0.9928,-0.9936,0.98724096,0.974644713102,-4936
41.55400000000001,0.992,0.9904,0.98089216,0.96214942955,-4912
42.54480000000001,0.9908,-0.9912,0.98247744,0.965261920109,-4920
43.53760000000001,0.9928,0.9944,0.98883136,0.97778745852,-4944
44.533600000000014,0.996,-0.9976,0.99520576,0.990434504737,-4980
45.530400000000014,0.9968,0.996,0.992016,0.984095744256,-4960
46.52560000000001,0.9952,-0.9944,0.98883136,0.97778745852,-4944
47.51920000000001,0.9936,0.9928,0.98565184,0.971509549695,-4928
48.51320000000001,0.994,-0.9952,0.99042304,0.980937798163,-4952
49.509200000000014,0.996,0.9968,0.99361024,0.987261309033,-4972
50.505200000000016,0.996,-0.9952,0.99042304,0.980937798163,-4952
51.499600000000015,0.9944,0.9936,0.98724096,0.974644713102,-4944
52.49560000000002,0.996,-0.9984,0.99680256,0.993615343623,-4984
53.494000000000014,0.9984,0.9984,0.99680256,0.993615343623,-4984
54.490000000000016,0.996,-0.9936,0.98724096,0.974644713102,-4936
55.48320000000002,0.9932,0.9928,0.98565184,0.971509549695,-4932
56.478400000000015,0.9952,-0.9976,0.99520576,0.990434504737,-4976
57.47360000000001,0.9952,0.9928,0.98565184,0.971509549695,-4936
58.46680000000001,0.9932,-0.9936,0.98724096,0.974644713102,-4940
59.460400000000014,0.9936,0.9936,0.98724096,0.974644713102,-4940
60.456400000000016,0.996,-0.9984,0.99680256,0.993615343623,-4988
61.454000000000015,0.9976,0.9968,0.99361024,0.987261309033,-4968
62.450400000000016,0.9964,-0.996,0.992016,0.984095744256,-4960
63.444400000000016,0.994,0.992,0.984064,0.968381956096,-4940
64.43760000000002,0.9932,-0.9944,0.98883136,0.97778745852,-4948
65.43160000000002,0.994,0.9936,0.98724096,0.974644713102,-4940
66.42520000000002,0.9936,-0.9936,0.98724096,0.974644713102,-4936
67.41880000000002,0.9936,0.9936,0.98724096,0.974644713102,-4936
68.41320000000002,0.9944,-0.9952,0.99042304,0.980937798163,-4952
69.40920000000001,0.996,0.9968,0.99361024,0.987261309033,-4968
70.4056,0.9964,-0.996,0.992016,0.984095744256,-4960
71.39920000000001,0.9936,0.9912,0.98247744,0.965261920109,-4924
72.39320000000001,0.994,-0.9968,0.99361024,0.987261309033,-4972
73.3896,0.9964,0.996,0.992016,0.984095744256,-4960
74.3856,0.996,-0.996,0.992016,0.984095744256,-4960
75.3792,0.9936,0.9912,0.98247744,0.965261920109,-4916
76.3724,0.9932,-0.9952,0.99042304,0.980937798163,-4952
77.366,0.9936,0.992,0.984064,0.968381956096,-4928
78.3616,0.9956,-0.9992,0.99840064,0.996803837952,-4992
79.35759999999999,0.996,0.9928,0.98565184,0.971509549695,-4936
80.35119999999999,0.9936,-0.9944,0.98883136,0.97778745852,-4948
