t_tot,t,m,m2,m4,E
0.001875,0.001875,-0.00125,1.5625e-06,2.44140625e-12,92
0.00203125,0.00015625,-0.0015625,2.44140625e-06,5.96046447754e-12,88
0.00546875,0.0034375,0.0053125,2.822265625e-05,7.96518325806e-10,36
0.00640625,0.0009375,0.0071875,5.166015625e-05,2.66877174377e-09,8
0.00765625,0.00125,0.0046875,2.197265625e-05,4.82797622681e-10,-20
0.00796875,0.0003125,0.0040625,1.650390625e-05,2.72378921509e-10,-20
0.0115625,0.00359375,0.01125,0.0001265625,1.60180664062e-08,-96
0.0121875,0.000625,0.0125,0.00015625,2.44140625e-08,-112
0.01234375,0.00015625,0.0128125,0.00016416015625,2.69485569e-08,-116
0.013437500000000002,0.00109375,0.015,0.000225,5.0625e-08,-136
0.013750000000000002,0.0003125,0.014375,0.000206640625,4.27003479004e-08,-132
0.02484375,0.01109375,-0.0078125,6.103515625e-05,3.72529029846e-09,-340
0.0253125,0.00046875,-0.006875,4.7265625e-05,2.23403930664e-09,-352
0.028125,0.0028125,-0.00125,1.5625e-06,2.44140625e-12,-388
0.0328125,0.0046875,-0.010625,0.000112890625,1.27442932129e-08,-468
0.03515625,0.00234375,-0.0059375,3.525390625e-05,1.24283790588e-09,-504
0.04125,0.00609375,-0.018125,0.000328515625,1.07922515869e-07,-616
0.04171875,0.00046875,-0.0190625,0.00036337890625,1.32044229507e-07,-632
0.042812499999999996,0.00109375,-0.016875,0.000284765625,8.10914611816e-08,-656
0.04296874999999999,0.00015625,-0.0171875,0.00029541015625,8.72671604156e-08,-664
0.043593749999999994,0.000625,-0.0159375,0.00025400390625,6.45179843903e-08,-676
0.046406249999999996,0.0028125,-0.0215625,0.00046494140625,2.16170511246e-07,-716
0.050624999999999996,0.00421875,-0.03,0.0009,8.1e-07,-800
0.0509375,0.0003125,-0.030625,0.000937890625,8.79638824463e-07,-808
0.051406249999999994,0.00046875,-0.0315625,0.00099619140625,9.92397317886e-07,-820
0.05156249999999999,0.00015625,-0.031875,0.001016015625,1.03228775024e-06,-824
0.05171874999999999,0.00015625,-0.0315625,0.00099619140625,9.92397317886e-07,-828
0.053124999999999985,0.00140625,-0.034375,0.001181640625,1.39627456665e-06,-860
0.05593749999999999,0.0028125,-0.02875,0.0008265625,6.83205566406e-07,-896
0.06359374999999999,0.00765625,-0.0440625,0.00194150390625,3.76943741798e-06,-1028
0.06421874999999999,0.000625,-0.0453125,0.00205322265625,4.21572327614e-06,-1036
0.0646875,0.00046875,-0.044375,0.001969140625,3.87751480103e-06,-1044
0.06562499999999999,0.0009375,-0.0425,0.00180625,3.2625390625e-06,-1060
0.06749999999999999,0.001875,-0.03875,0.0015015625,2.25468994141e-06,-1100
0.06812499999999999,0.000625,-0.04,0.0016,2.56e-06,-1108
0.06890624999999999,0.00078125,-0.0384375,0.00147744140625,2.1828331089e-06,-1132
0.070625,0.00171875,-0.035,0.001225,1.500625e-06,-1164
0.08578124999999999,0.01515625,-0.0653125,0.00426572265625,1.819638978e-05,-1360
0.08765624999999999,0.001875,-0.0615625,0.00378994140625,1.43636558628e-05,-1392
0.10843749999999999,0.02078125,-0.02,0.0004,1.6e-07,-1628
0.13546875,0.02703125,0.0340625,0.00116025390625,1.34618912697e-06,-1836
0.195625,0.06015625,-0.08625,0.0074390625,5.53396508789e-05,-2264
0.24328125,0.04765625,-0.1815625,0.0329649414062,0.00108668736192,-2620
0.24671875000000001,0.0034375,-0.1884375,0.0355086914063,0.00126086716538,-2680
0.246875,0.00015625,-0.18875,0.0356265625,0.00126925195557,-2684
0.24875,0.001875,-0.1925,0.03705625,0.00137316566406,-2728
0.25203125,0.00328125,-0.1859375,0.0345727539063,0.00119527531266,-2780
0.25265624999999997,0.000625,-0.1846875,0.0341094726563,0.00116345612489,-2792
0.25296874999999996,0.0003125,-0.1840625,0.0338790039062,0.00114778690568,-2796
0.253125,0.00015625,-0.18375,0.0337640625,0.0011400119165,-2796
0.25421875,0.00109375,-0.1859375,0.0345727539063,0.00119527531266,-2804
0.25515625,0.0009375,-0.1840625,0.0338790039062,0.00114778690568,-2820
0.25687499999999996,0.00171875,-0.180625,0.032625390625,0.00106441611343,-2844
0.5275,0.270625,0.360625,0.130050390625,0.0169131041017,-4416
0.94796875,0.42046875,-0.4803125,0.230700097656,0.0532225350586,-6056
1.5164062500000002,0.5684375,0.6565625,0.431074316406,0.185825066265,-7880
2.2292187500000002,0.7128125,-0.7690625,0.591457128906,0.349821535334,-9492
3.0459375000000004,0.81671875,0.864375,0.747144140625,0.55822436687,-10828
3.9498437500000003,0.90390625,-0.9434375,0.890074316406,0.792232288726,-11832
4.91265625,0.9628125,0.9821875,0.964692285156,0.93063120504,-12424
5.8989062500000005,0.98625,-0.9903125,0.980718847656,0.961809458148,-12568
6.889843750000001,0.9909375,0.9915625,0.983196191406,0.966674750796,-12596
7.881718750000001,0.991875,-0.9921875,0.984436035156,0.969114307314,-12612
8.873593750000001,0.991875,0.9915625,0.983196191406,0.966674750796,-12596
9.864062500000001,0.99046875,-0.989375,0.978862890625,0.958172558643,-12564
10.852187500000001,0.988125,0.986875,0.973922265625,0.94852457948,-12496
11.84125,0.9890625,-0.99125,0.9825765625,0.965456701174,-12592
12.83390625,0.99265625,0.9940625,0.988160253906,0.9764606874,-12648
13.82578125,0.991875,-0.9896875,0.979481347656,0.959383710407,-12560
14.81546875,0.9896875,0.9896875,0.979481347656,0.959383710407,-12548
15.806875000000002,0.99140625,-0.993125,0.986297265625,0.972782296179,-12632
16.799375,0.9925,0.991875,0.983816015625,0.9678939526,-12616
17.79140625,0.99203125,-0.9921875,0.984436035156,0.969114307314,-12616
18.783125000000002,0.99171875,0.99125,0.9825765625,0.965456701174,-12584
19.77546875,0.99234375,-0.9934375,0.986918066406,0.974007269799,-12636
20.76890625,0.9934375,0.9934375,0.986918066406,0.974007269799,-12632
21.761875,0.99296875,-0.9925,0.98505625,0.970335815664,-12620
22.7540625,0.9921875,0.991875,0.983816015625,0.9678939526,-12608
23.74484375,0.99078125,-0.9896875,0.979481347656,0.959383710407,-12552
23.745,0.00015625,-0.99,0.9801,0.96059601,-12560
24.73640625,0.99140625,0.9928125,0.985676660156,0.971558478377,-12632
25.72859375,0.9921875,-0.9915625,0.983196191406,0.966674750796,-12592
26.72078125,0.9921875,0.9928125,0.985676660156,0.971558478377,-12628
27.711562500000003,0.99078125,-0.98875,0.9776265625,0.955753695706,-12540
28.703437500000003,0.991875,0.995,0.990025,0.980149500625,-12676
29.69734375,0.99390625,-0.9928125,0.985676660156,0.971558478377,-12628
30.68984375,0.9925,0.9921875,0.984436035156,0.969114307314,-12616
31.68203125,0.9921875,-0.9921875,0.984436035156,0.969114307314,-12612
32.67453125,0.9925,0.9928125,0.985676660156,0.971558478377,-12632
33.667187500000004,0.99265625,-0.9925,0.98505625,0.970335815664,-12620
34.659375000000004,0.9921875,0.991875,0.983816015625,0.9678939526,-12604
35.65171875000001,0.99234375,-0.9928125,0.985676660156,0.971558478377,-12620
36.64437500000001,0.99265625,0.9925,0.98505625,0.970335815664,-12616
37.63593750000001,0.9915625,-0.990625,0.981337890625,0.963024055576,-12572
38.62718750000001,0.99125,0.991875,0.983816015625,0.9678939526,-12608
39.62031250000001,0.993125,-0.994375,0.988781640625,0.977689132837,-12660
40.613281250000014,0.99296875,0.9915625,0.983196191406,0.966674750796,-12588
41.604531250000015,0.99125,-0.9909375,0.981957128906,0.96423980301,-12588
42.594375000000014,0.98984375,0.98875,0.9776265625,0.955753695706,-12560
43.584375000000016,0.99,-0.99125,0.9825765625,0.965456701174,-12596
44.575937500000016,0.9915625,0.991875,0.983816015625,0.9678939526,-12596
45.567031250000014,0.99109375,-0.9903125,0.980718847656,0.961809458148,-12568
46.55812500000001,0.99109375,0.991875,0.983816015625,0.9678939526,-12596
47.54796875000001,0.98984375,-0.9878125,0.975773535156,0.952133991911,-12496
48.53890625000001,0.9909375,0.9940625,0.988160253906,0.9764606874,-12652
49.53234375000001,0.9934375,-0.9928125,0.985676660156,0.971558478377,-12624
50.52328125000001,0.9909375,0.9890625,0.978244628906,0.956962553984,-12540
