t_tot,t,m,m2,m4,E
0.0016,0.0016,0.0168,0.00028224,7.96594176e-08,-80
0.0052,0.0036,0.024,0.000576,3.31776e-07,-112
0.0212,0.016,-0.008,6.4e-05,4.096e-09,-176
0.0216,0.0004,-0.0088,7.744e-05,5.9969536e-09,-180
0.024800000000000003,0.0032,-0.0024,5.76e-06,3.31776e-11,-196
0.0256,0.0008,-0.0008,6.4e-07,4.096e-13,-200
0.0268,0.0012,0.0016,2.56e-06,6.5536e-12,-216
0.0308,0.004,0.0096,9.216e-05,8.4934656e-09,-248
0.0392,0.0084,-0.0072,5.184e-05,2.6873856e-09,-296
0.0428,0.0036,-0.0144,0.00020736,4.29981696e-08,-312
0.048,0.0052,-0.004,1.6e-05,2.56e-10,-344
0.0516,0.0036,0.0032,1.024e-05,1.048576e-10,-376
0.0528,0.0012,0.0008,6.4e-07,4.096e-13,-384
0.0548,0.002,0.0048,2.304e-05,5.308416e-10,-408
0.06520000000000001,0.0104,0.0256,0.00065536,4.294967296e-07,-480
0.06640000000000001,0.0012,0.028,0.000784,6.14656e-07,-492
0.07080000000000002,0.0044,0.0368,0.00135424,1.8339659776e-06,-512
0.07280000000000002,0.002,0.0328,0.00107584,1.1574317056e-06,-532
0.08240000000000001,0.0096,0.0136,0.00018496,3.42102016e-08,-588
0.11040000000000001,0.028,0.0696,0.00484416,2.34658861056e-05,-656
0.11160000000000002,0.0012,0.0672,0.00451584,2.03928109056e-05,-668
0.12320000000000002,0.0116,0.044,0.001936,3.748096e-06,-720
0.12880000000000003,0.0056,0.0328,0.00107584,1.1574317056e-06,-740
0.16480000000000003,0.036,0.1048,0.01098304,0.000120627167642,-868
0.16880000000000003,0.004,0.1128,0.01272384,0.000161896104346,-888
0.268,0.0992,-0.0856,0.00732736,5.36902045696e-05,-1060
0.2716,0.0036,-0.0928,0.00861184,7.41637881856e-05,-1084
0.4248,0.1532,0.2136,0.04562496,0.002081636975,-1376
0.4252,0.0004,0.2128,0.04528384,0.00205062616515,-1380
0.4404,0.0152,0.1824,0.03326976,0.00110687693046,-1432
0.4556,0.0152,0.152,0.023104,0.000533794816,-1428
0.6756,0.22,-0.288,0.082944,0.006879707136,-1712
0.6792,0.0036,-0.2952,0.08714304,0.00759390942044,-1724
0.6804,0.0012,-0.2976,0.08856576,0.00784389384438,-1728
0.716,0.0356,-0.3688,0.13601344,0.0184996558606,-1800
1.142,0.426,0.4832,0.23348224,0.0545139563954,-2380
1.7167999999999999,0.5748,-0.6664,0.44408896,0.197215004394,-3104
2.4372,0.7204,0.7744,0.59969536,0.359634524806,-3680
3.2683999999999997,0.8312,-0.888,0.788544,0.621801639936,-4236
4.1788,0.9104,0.9328,0.87011584,0.757101575019,-4504
5.1312,0.9524,-0.972,0.944784,0.892616806656,-4760
6.1008,0.9696,0.9672,0.93547584,0.875115047224,-4720
7.0652,0.9644,-0.9616,0.92467456,0.855023041911,-4700
8.028,0.9628,0.964,0.929296,0.863591055616,-4684
8.990400000000001,0.9624,-0.9608,0.92313664,0.852181256111,-4656
9.942800000000002,0.9524,0.944,0.891136,0.794123370496,-4592
10.887200000000002,0.9444,-0.9448,0.89264704,0.796818738021,-4556
10.887600000000003,0.0004,-0.9456,0.89415936,0.799520961076,-4564
10.888000000000003,0.0004,-0.9448,0.89264704,0.796818738021,-4560
11.832400000000003,0.9444,0.944,0.891136,0.794123370496,-4524
12.782800000000003,0.9504,-0.9568,0.91546624,0.83807843658,-4648
13.740000000000004,0.9572,0.9576,0.91699776,0.840884891845,-4652
14.692400000000005,0.9524,-0.9472,0.89718784,0.804946020244,-4624
15.644400000000005,0.952,0.9568,0.91546624,0.83807843658,-4624
16.603200000000005,0.9588,-0.9608,0.92313664,0.852181256111,-4692
17.566800000000004,0.9636,0.9664,0.93392896,0.872223302327,-4696
18.531600000000005,0.9648,-0.9632,0.92775424,0.860727929838,-4704
19.484400000000004,0.9528,0.9424,0.88811776,0.788753155627,-4572
20.433600000000006,0.9492,-0.956,0.913936,0.835279012096,-4656
21.386800000000004,0.9532,0.9504,0.90326016,0.815878916643,-4616
22.343600000000006,0.9568,-0.9632,0.92775424,0.860727929838,-4696
23.306400000000007,0.9628,0.9624,0.92621376,0.857871929213,-4692
24.267200000000006,0.9608,-0.9592,0.92006464,0.846518941778,-4640
25.230000000000008,0.9628,0.9664,0.93392896,0.872223302327,-4712
26.186000000000007,0.956,-0.9456,0.89415936,0.799520961076,-4544
27.131200000000007,0.9452,0.9448,0.89264704,0.796818738021,-4556
28.076000000000008,0.9448,-0.9448,0.89264704,0.796818738021,-4548
29.023200000000006,0.9472,0.9496,0.90174016,0.813135316157,-4608
29.978800000000007,0.9556,-0.9616,0.92467456,0.855023041911,-4676
30.938800000000008,0.96,0.9584,0.91853056,0.843698389654,-4680
31.89720000000001,0.9584,-0.9584,0.91853056,0.843698389654,-4636
32.86000000000001,0.9628,0.9672,0.93547584,0.875115047224,-4700
33.82600000000001,0.966,-0.9648,0.93083904,0.866461318388,-4720
34.790400000000005,0.9644,0.964,0.929296,0.863591055616,-4700
35.75320000000001,0.9628,-0.9616,0.92467456,0.855023041911,-4708
36.708400000000005,0.9552,0.9488,0.90022144,0.810398641036,-4624
37.6452,0.9368,-0.9248,0.85525504,0.731461183445,-4496
38.584,0.9388,0.9528,0.90782784,0.824151387079,-4604
39.530800000000006,0.9468,-0.9408,0.88510464,0.78341022375,-4560
40.4772,0.9464,0.952,0.906304,0.821386940416,-4624
41.4292,0.952,-0.952,0.906304,0.821386940416,-4608
42.3828,0.9536,0.9552,0.91240704,0.832486606642,-4624
43.3404,0.9576,-0.96,0.9216,0.84934656,-4656
44.3036,0.9632,0.9664,0.93392896,0.872223302327,-4700
45.269600000000004,0.966,-0.9656,0.93238336,0.869338730005,-4696
46.23800000000001,0.9684,0.9712,0.94322944,0.889681776483,-4744
47.20400000000001,0.966,-0.9608,0.92313664,0.852181256111,-4644
48.156000000000006,0.952,0.9432,0.88962624,0.791434846897,-4532
49.1052,0.9492,-0.9552,0.91240704,0.832486606642,-4604
50.0572,0.952,0.9488,0.90022144,0.810398641036,-4648
51.013600000000004,0.9564,-0.964,0.929296,0.863591055616,-4672
51.014,0.0004,-0.9632,0.92775424,0.860727929838,-4664
51.9756,0.9616,0.96,0.9216,0.84934656,-4672
52.9336,0.958,-0.956,0.913936,0.835279012096,-4664
53.89,0.9564,0.9568,0.91546624,0.83807843658,-4608
54.852000000000004,0.962,-0.9672,0.93547584,0.875115047224,-4704
55.8104,0.9584,0.9496,0.90174016,0.813135316157,-4592
56.7656,0.9552,-0.9608,0.92313664,0.852181256111,-4680
57.7276,0.962,0.9632,0.92775424,0.860727929838,-4684
58.688,0.9604,-0.9576,0.91699776,0.840884891845,-4628
59.6388,0.9508,0.944,0.891136,0.794123370496,-4552
60.588800000000006,0.95,-0.956,0.913936,0.835279012096,-4600
61.54560000000001,0.9568,0.9576,0.91699776,0.840884891845,-4616
62.50600000000001,0.9604,-0.9632,0.92775424,0.860727929838,-4684
63.47440000000001,0.9684,0.9736,0.94789696,0.898508646777,-4768
63.47480000000001,0.0004,0.9728,0.94633984,0.895559092771,-4760
64.44080000000001,0.966,-0.9592,0.92006464,0.846518941778,-4676
65.39760000000001,0.9568,0.9544,0.91087936,0.829701208474,-4628
66.3512,0.9536,-0.9528,0.90782784,0.824151387079,-4644
67.30720000000001,0.956,0.9592,0.92006464,0.846518941778,-4640
68.272,0.9648,-0.9704,0.94167616,0.886753990312,-4728
69.24040000000001,0.9684,0.9664,0.93392896,0.872223302327,-4708
70.2068,0.9664,-0.9664,0.93392896,0.872223302327,-4720
71.16760000000001,0.9608,0.9552,0.91240704,0.832486606642,-4644
72.12320000000001,0.9556,-0.956,0.913936,0.835279012096,-4628
73.07160000000002,0.9484,0.9408,0.88510464,0.78341022375,-4648
74.02200000000002,0.9504,-0.96,0.9216,0.84934656,-4648
74.98240000000003,0.9604,0.9608,0.92313664,0.852181256111,-4656
75.94360000000003,0.9612,-0.9616,0.92467456,0.855023041911,-4660
76.90280000000003,0.9592,0.9568,0.91546624,0.83807843658,-4660
77.86280000000002,0.96,-0.9632,0.92775424,0.860727929838,-4700
78.82680000000002,0.964,0.9648,0.93083904,0.866461318388,-4704
79.79320000000001,0.9664,-0.968,0.937024,0.878013976576,-4708
80.75280000000001,0.9596,0.9512,0.90478144,0.818629454169,-4608
