t_tot,t,m,m2,m4,E
0.0001,0.0001,0.0092,8.464e-05,7.1639296e-09,-152
0.0011,0.001,0.0072,5.184e-05,2.6873856e-09,-176
0.0024000000000000002,0.0013,0.0046,2.116e-05,4.477456e-10,-224
0.0027,0.0003,0.0052,2.704e-05,7.311616e-10,-236
0.004,0.0013,0.0026,6.76e-06,4.56976e-11,-248
0.0043,0.0003,0.002,4e-06,1.6e-11,-256
0.0081,0.0038,0.0096,9.216e-05,8.4934656e-09,-352
0.009,0.0009,0.0114,0.00012996,1.68896016e-08,-368
0.0093,0.0003,0.012,0.000144,2.0736e-08,-380
0.011399999999999999,0.0021,0.0078,6.084e-05,3.7015056e-09,-444
0.0116,0.0002,0.0074,5.476e-05,2.9986576e-09,-456
0.011699999999999999,0.0001,0.0076,5.776e-05,3.3362176e-09,-464
0.012899999999999998,0.0012,0.01,0.0001,1e-08,-500
0.0161,0.0032,0.0036,1.296e-05,1.679616e-10,-532
0.0163,0.0002,0.0032,1.024e-05,1.048576e-10,-532
0.0179,0.0016,2.2226144536e-18,4.94001500933e-36,2.44037482924e-71,-596
0.0184,0.0005,-0.001,1e-06,1e-12,-620
0.0194,0.001,0.001,1e-06,1e-12,-644
0.0199,0.0005,0.002,4e-06,1.6e-11,-652
0.02,0.0001,0.0022,4.84e-06,2.34256e-11,-656
0.0218,0.0018,-0.0014,1.96e-06,3.8416e-12,-688
0.022,0.0002,-0.001,1e-06,1e-12,-696
0.0235,0.0015,0.002,4e-06,1.6e-11,-736
0.024,0.0005,0.001,1e-06,1e-12,-756
0.0242,0.0002,0.0014,1.96e-06,3.8416e-12,-760
0.024999999999999998,0.0008,0.003,9e-06,8.1e-11,-784
0.0288,0.0038,0.0106,0.00011236,1.26247696e-08,-888
0.029599999999999998,0.0008,0.0122,0.00014884,2.21533456e-08,-912
0.0397,0.0101,0.0324,0.00104976,1.1019960576e-06,-1072
0.046,0.0063,0.0198,0.00039204,1.536953616e-07,-1208
0.0578,0.0118,-0.0038,1.444e-05,2.085136e-10,-1364
0.059199999999999996,0.0014,-0.001,1e-06,1e-12,-1404
0.059699999999999996,0.0005,-0.002,4e-06,1.6e-11,-1424
0.0612,0.0015,-0.005,2.5e-05,6.25e-10,-1464
0.0654,0.0042,0.0034,1.156e-05,1.336336e-10,-1592
0.0658,0.0004,0.0042,1.764e-05,3.111696e-10,-1608
0.066,0.0002,0.0046,2.116e-05,4.477456e-10,-1616
0.06620000000000001,0.0002,0.0042,1.764e-05,3.111696e-10,-1624
0.0665,0.0003,0.0036,1.296e-05,1.679616e-10,-1620
0.0668,0.0003,0.003,9e-06,8.1e-11,-1628
0.0673,0.0005,0.004,1.6e-05,2.56e-10,-1636
0.0697,0.0024,-0.0008,6.4e-07,4.096e-13,-1692
0.0699,0.0002,-0.0004,1.6e-07,2.56e-14,-1704
0.0702,0.0003,-0.001,1e-06,1e-12,-1720
0.0862,0.016,-0.033,0.001089,1.185921e-06,-2020
0.0868,0.0006,-0.0318,0.00101124,1.0226063376e-06,-2028
0.0901,0.0033,-0.0384,0.00147456,2.1743271936e-06,-2124
0.0909,0.0008,-0.04,0.0016,2.56e-06,-2152
0.09179999999999999,0.0009,-0.0382,0.00145924,2.1293813776e-06,-2176
0.0919,0.0001,-0.0384,0.00147456,2.1743271936e-06,-2176
0.093,0.0011,-0.0362,0.00131044,1.7172529936e-06,-2200
0.0934,0.0004,-0.0354,0.00125316,1.5704099856e-06,-2216
0.0944,0.001,-0.0334,0.00111556,1.2444741136e-06,-2244
0.09469999999999999,0.0003,-0.0328,0.00107584,1.1574317056e-06,-2252
0.0948,0.0001,-0.033,0.001089,1.185921e-06,-2256
0.1028,0.008,-0.049,0.002401,5.764801e-06,-2436
0.1032,0.0004,-0.0498,0.00248004,6.1505984016e-06,-2436
0.1103,0.0071,-0.0356,0.00126736,1.6062013696e-06,-2520
0.11259999999999999,0.0023,-0.0402,0.00161604,2.6115852816e-06,-2580
0.11299999999999999,0.0004,-0.041,0.001681,2.825761e-06,-2596
0.1132,0.0002,-0.0414,0.00171396,2.9376588816e-06,-2604
0.1134,0.0002,-0.041,0.001681,2.825761e-06,-2616
0.1136,0.0002,-0.0406,0.00164836,2.7170906896e-06,-2628
0.11520000000000001,0.0016,-0.0374,0.00139876,1.9565295376e-06,-2676
0.1345,0.0193,0.0012,1.44e-06,2.0736e-12,-2896
0.13470000000000001,0.0002,0.0016,2.56e-06,6.5536e-12,-2904
0.15180000000000002,0.0171,0.0358,0.00128164,1.6426010896e-06,-3144
0.15220000000000003,0.0004,0.035,0.001225,1.500625e-06,-3164
0.15250000000000002,0.0003,0.0344,0.00118336,1.4003408896e-06,-3172
0.1526,0.0001,0.0342,0.00116964,1.3680577296e-06,-3176
0.158,0.0054,0.0234,0.00054756,2.998219536e-07,-3280
0.2011,0.0431,0.1096,0.01201216,0.000144291987866,-3840
0.2014,0.0003,0.109,0.011881,0.000141158161,-3856
0.2158,0.0144,0.0802,0.00643204,4.13711385616e-05,-4112
0.35719999999999996,0.1414,-0.2026,0.04104676,0.0016848365065,-5244
0.3575,0.0003,-0.2032,0.04129024,0.00170488391926,-5252
0.5676,0.2101,0.217,0.047089,0.002217373921,-6476
0.5689,0.0013,0.2196,0.04822416,0.00232556960771,-6508
0.5690999999999999,0.0002,0.2192,0.04804864,0.00230867180585,-6520
0.5697,0.0006,0.2204,0.04857616,0.00235964332035,-6532
0.57,0.0003,0.221,0.048841,0.002385443281,-6540
0.6093999999999999,0.0394,0.2998,0.08988004,0.0080784215904,-6948
0.6365,0.0271,0.354,0.125316,0.015704099856,-7164
0.6409999999999999,0.0045,0.363,0.131769,0.017363069361,-7276
0.6461999999999999,0.0052,0.3734,0.13942756,0.0194400444876,-7404
0.6479999999999999,0.0018,0.377,0.142129,0.020200652641,-7464
0.6503999999999999,0.0024,0.3722,0.13853284,0.0191913477585,-7532
1.0389,0.3885,-0.4048,0.16386304,0.026851095878,-9884
1.5374999999999999,0.4986,0.5924,0.35093776,0.123157311394,-11992
2.1868,0.6493,-0.7062,0.49871844,0.248720082396,-14096
2.9560999999999997,0.7693,0.8324,0.69288976,0.480096219513,-16116
3.8293999999999997,0.8733,-0.9142,0.83576164,0.698497518895,-17888
4.7646999999999995,0.9353,0.9564,0.91470096,0.836677846225,-18852
5.7341,0.9694,-0.9824,0.96510976,0.931436848847,-19416
6.7202,0.9861,0.9898,0.97970404,0.959820005992,-19620
7.7118,0.9916,-0.9934,0.98684356,0.973860211913,-19748
8.704600000000001,0.9928,0.9922,0.98446084,0.969163145493,-19708
9.697600000000001,0.993,-0.9938,0.98763844,0.975429688165,-19768
10.690600000000002,0.993,0.9922,0.98446084,0.969163145493,-19696
11.681500000000002,0.9909,-0.9896,0.97930816,0.959044472242,-19600
12.672000000000002,0.9905,0.9914,0.98287396,0.966041221246,-19684
13.662900000000002,0.9909,-0.9904,0.98089216,0.962149429549,-19668
14.652500000000002,0.9896,0.9888,0.97772544,0.955947036023,-19588
15.643800000000002,0.9913,-0.9938,0.98763844,0.975429688165,-19764
16.637100000000004,0.9933,0.9928,0.98565184,0.971509549695,-19732
17.629200000000004,0.9921,-0.9914,0.98287396,0.966041221246,-19660
18.621400000000005,0.9922,0.993,0.986049,0.972292630401,-19724
19.615300000000005,0.9939,-0.9948,0.98962704,0.979361678299,-19800
20.608100000000004,0.9928,0.9908,0.98168464,0.963704732412,-19656
21.598400000000005,0.9903,-0.9898,0.97970404,0.959820005992,-19620
22.588700000000006,0.9903,0.9908,0.98168464,0.963704732412,-19664
23.580500000000008,0.9918,-0.9928,0.98565184,0.971509549695,-19728
24.573300000000007,0.9928,0.9928,0.98565184,0.971509549695,-19712
25.564600000000006,0.9913,-0.9898,0.97970404,0.959820005992,-19652
26.553400000000007,0.9888,0.9878,0.97574884,0.952085798761,-19548
27.543400000000005,0.99,-0.9922,0.98446084,0.969163145493,-19696
28.536200000000004,0.9928,0.9934,0.98684356,0.973860211913,-19756
29.528800000000004,0.9926,-0.9918,0.98366724,0.967601239049,-19684
30.520100000000003,0.9913,0.9908,0.98168464,0.963704732412,-19644
31.511900000000004,0.9918,-0.9928,0.98565184,0.971509549695,-19744
32.5043,0.9924,0.992,0.984064,0.968381956096,-19700
33.4956,0.9913,-0.9906,0.98128836,0.962926845471,-19644
34.4866,0.991,0.9914,0.98287396,0.966041221246,-19680
35.477700000000006,0.9911,-0.9908,0.98168464,0.963704732412,-19652
36.46880000000001,0.9911,0.9914,0.98287396,0.966041221246,-19684
37.45980000000001,0.991,-0.9906,0.98128836,0.962926845471,-19652
38.45190000000001,0.9921,0.9936,0.98724096,0.974644713101,-19760
39.443900000000006,0.992,-0.9904,0.98089216,0.962149429549,-19636
40.43500000000001,0.9911,0.9918,0.98366724,0.967601239049,-19692
41.42650000000001,0.9915,-0.9912,0.98247744,0.965261920109,-19664
42.41690000000001,0.9904,0.9896,0.97930816,0.959044472242,-19620
43.406900000000014,0.99,-0.9904,0.98089216,0.962149429549,-19648
44.39650000000002,0.9896,0.9888,0.97772544,0.955947036023,-19584
45.38610000000002,0.9896,-0.9904,0.98089216,0.962149429549,-19640
46.37710000000002,0.991,0.9916,0.98327056,0.966820994162,-19712
47.36820000000002,0.9911,-0.9906,0.98128836,0.962926845471,-19648
48.359300000000026,0.9911,0.9916,0.98327056,0.966820994162,-19688
49.35080000000003,0.9915,-0.9914,0.98287396,0.966041221246,-19664
50.34180000000003,0.991,0.9906,0.98128836,0.962926845471,-19676
51.33220000000003,0.9904,-0.9902,0.98049604,0.961372484455,-19652
52.32200000000003,0.9898,0.9894,0.97891236,0.95826940856,-19608
53.31360000000003,0.9916,-0.9938,0.98763844,0.975429688165,-19768
54.30660000000003,0.993,0.9922,0.98446084,0.969163145493,-19696
55.29860000000003,0.992,-0.9918,0.98366724,0.967601239049,-19692
56.28900000000003,0.9904,0.989,0.978121,0.956720690641,-19576
57.27960000000003,0.9906,-0.9922,0.98446084,0.969163145493,-19700
58.27140000000003,0.9918,0.9914,0.98287396,0.966041221246,-19700
59.26290000000003,0.9915,-0.9916,0.98327056,0.966820994162,-19680
60.25420000000003,0.9913,0.991,0.982081,0.964483090561,-19688
61.24470000000003,0.9905,-0.99,0.9801,0.96059601,-19612
62.23490000000003,0.9902,0.9904,0.98089216,0.962149429549,-19624
63.225800000000035,0.9909,-0.9914,0.98287396,0.966041221246,-19676
64.21710000000003,0.9913,0.9912,0.98247744,0.965261920109,-19664
65.20750000000002,0.9904,-0.9896,0.97930816,0.959044472242,-19636
66.19730000000003,0.9898,0.99,0.9801,0.96059601,-19624
67.18770000000002,0.9904,-0.9908,0.98168464,0.963704732412,-19644
68.17870000000002,0.991,0.9912,0.98247744,0.965261920109,-19676
69.16990000000003,0.9912,-0.9912,0.98247744,0.965261920109,-19684
70.16170000000002,0.9918,0.9924,0.98485776,0.969944807432,-19724
71.15440000000002,0.9927,-0.993,0.986049,0.972292630401,-19724
72.14680000000003,0.9924,0.9918,0.98366724,0.967601239049,-19708
73.13760000000002,0.9908,-0.9898,0.97970404,0.959820005992,-19620
74.12860000000002,0.991,0.9922,0.98446084,0.969163145493,-19708
75.11980000000003,0.9912,-0.9902,0.98049604,0.961372484455,-19632
76.11000000000003,0.9902,0.9902,0.98049604,0.961372484455,-19620
77.10010000000003,0.9901,-0.99,0.9801,0.96059601,-19640
78.08970000000002,0.9896,0.9892,0.97851664,0.957494814757,-19604
79.08060000000002,0.9909,-0.9926,0.98525476,0.970726942102,-19720
80.07260000000002,0.992,0.9914,0.98287396,0.966041221246,-19672
