t_tot,t,m,m2,m4,E
0.010625,0.010625,0.03375,0.0011390625,1.29746337891e-06,-84
0.01625,0.005625,0.045,0.002025,4.100625e-06,-120
0.019375,0.003125,0.03875,0.0015015625,2.25468994141e-06,-140
0.02,0.000625,0.04,0.0016,2.56e-06,-144
0.0225,0.0025,0.035,0.001225,1.500625e-06,-156
0.02375,0.00125,0.0325,0.00105625,1.1156640625e-06,-156
0.024375,0.000625,0.03375,0.0011390625,1.29746337891e-06,-160
0.025,0.000625,0.035,0.001225,1.500625e-06,-160
0.0275,0.0025,0.03,0.0009,8.1e-07,-168
0.028125,0.000625,0.03125,0.0009765625,9.53674316406e-07,-176
0.05,0.021875,0.075,0.005625,3.1640625e-05,-240
0.052500000000000005,0.0025,0.08,0.0064,4.096e-05,-256
0.058125,0.005625,0.06875,0.0047265625,2.23403930664e-05,-280
0.059375000000000004,0.00125,0.07125,0.0050765625,2.57714868164e-05,-276
0.063125,0.00375,0.07875,0.0062015625,3.84593774414e-05,-300
0.064375,0.00125,0.08125,0.0066015625,4.35806274414e-05,-292
0.073125,0.00875,0.06375,0.0040640625,1.65166040039e-05,-320
0.078125,0.005,0.07375,0.0054390625,2.95834008789e-05,-336
0.081875,0.00375,0.06625,0.0043890625,1.92638696289e-05,-340
0.141875,0.06,-0.05375,0.0028890625,8.34668212891e-06,-436
0.1425,0.000625,-0.0525,0.00275625,7.5969140625e-06,-440
0.163125,0.020625,-0.09375,0.0087890625,7.72476196289e-05,-480
0.19,0.026875,-0.1475,0.02175625,0.000473334414062,-492
0.21875,0.02875,-0.09,0.0081,6.561e-05,-524
0.224375,0.005625,-0.07875,0.0062015625,3.84593774414e-05,-544
0.22999999999999998,0.005625,-0.09,0.0081,6.561e-05,-564
0.23124999999999998,0.00125,-0.0925,0.00855625,7.32094140625e-05,-568
0.23187499999999997,0.000625,-0.09375,0.0087890625,7.72476196289e-05,-568
0.23749999999999996,0.005625,-0.0825,0.00680625,4.63250390625e-05,-568
0.23812499999999995,0.000625,-0.08125,0.0066015625,4.35806274414e-05,-572
0.25687499999999996,0.01875,-0.04375,0.0019140625,3.66363525391e-06,-616
0.25749999999999995,0.000625,-0.045,0.002025,4.100625e-06,-620
0.2612499999999999,0.00375,-0.0525,0.00275625,7.5969140625e-06,-632
0.2624999999999999,0.00125,-0.055,0.003025,9.150625e-06,-640
0.2656249999999999,0.003125,-0.06125,0.0037515625,1.40742211914e-05,-652
0.2724999999999999,0.006875,-0.075,0.005625,3.1640625e-05,-668
0.2787499999999999,0.00625,-0.0875,0.00765625,5.86181640625e-05,-684
0.27999999999999986,0.00125,-0.085,0.007225,5.2200625e-05,-680
0.2868749999999999,0.006875,-0.07125,0.0050765625,2.57714868164e-05,-692
0.2887499999999999,0.001875,-0.075,0.005625,3.1640625e-05,-700
0.2912499999999999,0.0025,-0.08,0.0064,4.096e-05,-716
0.2931249999999999,0.001875,-0.08375,0.0070140625,4.91970727539e-05,-720
0.2943749999999999,0.00125,-0.08625,0.0074390625,5.53396508789e-05,-720
0.3181249999999999,0.02375,-0.03875,0.0015015625,2.25468994141e-06,-748
0.31874999999999987,0.000625,-0.0375,0.00140625,1.9775390625e-06,-748
0.31937499999999985,0.000625,-0.03875,0.0015015625,2.25468994141e-06,-748
0.32312499999999983,0.00375,-0.04625,0.0021390625,4.57558837891e-06,-756
0.3599999999999998,0.036875,0.0275,0.00075625,5.719140625e-07,-796
0.3706249999999998,0.010625,0.04875,0.0023765625,5.64804931641e-06,-784
0.4049999999999998,0.034375,-0.02,0.0004,1.6e-07,-812
0.4074999999999998,0.0025,-0.025,0.000625,3.90625e-07,-816
0.4131249999999998,0.005625,-0.03625,0.0013140625,1.72676025391e-06,-832
0.4137499999999998,0.000625,-0.035,0.001225,1.500625e-06,-828
0.4837499999999998,0.07,-0.175,0.030625,0.000937890625,-944
0.4856249999999998,0.001875,-0.17875,0.0319515625,0.00102090234619,-944
0.5062499999999998,0.020625,-0.1375,0.01890625,0.000357446289063,-936
0.5668749999999998,0.060625,-0.01625,0.0002640625,6.97290039063e-08,-984
0.7056249999999998,0.13875,-0.29375,0.0862890625,0.00744580230713,-1076
0.8056249999999998,0.1,-0.09375,0.0087890625,7.72476196289e-05,-1236
0.8168749999999998,0.01125,-0.07125,0.0050765625,2.57714868164e-05,-1204
0.8306249999999998,0.01375,-0.09875,0.0097515625,9.50929711914e-05,-1260
0.8337499999999999,0.003125,-0.105,0.011025,0.000121550625,-1264
0.8343749999999999,0.000625,-0.10625,0.0112890625,0.000127442932129,-1272
0.8368749999999998,0.0025,-0.10125,0.0102515625,0.000105094533691,-1276
0.8387499999999998,0.001875,-0.105,0.011025,0.000121550625,-1272
0.8543749999999998,0.015625,-0.07375,0.0054390625,2.95834008789e-05,-1272
0.8549999999999998,0.000625,-0.075,0.005625,3.1640625e-05,-1280
0.8556249999999997,0.000625,-0.07375,0.0054390625,2.95834008789e-05,-1272
0.8587499999999998,0.003125,-0.08,0.0064,4.096e-05,-1276
0.8606249999999998,0.001875,-0.08375,0.0070140625,4.91970727539e-05,-1284
0.8756249999999998,0.015,-0.11375,0.0129390625,0.000167419338379,-1320
0.8874999999999997,0.011875,-0.09,0.0081,6.561e-05,-1316
0.8881249999999997,0.000625,-0.08875,0.0078765625,6.20402368164e-05,-1308
1.0481249999999998,0.16,-0.40875,0.1670765625,0.0279145777368,-1400
1.1337499999999998,0.085625,-0.2375,0.05640625,0.00318166503906,-1396
1.1481249999999998,0.014375,-0.20875,0.0435765625,0.00189891679932,-1416
1.393125,0.245,0.28125,0.0791015625,0.00625705718994,-1516
1.395,0.001875,0.2775,0.07700625,0.00592996253906,-1516
1.4025,0.0075,0.2625,0.06890625,0.00474807128906,-1524
1.4031250000000002,0.000625,0.26125,0.0682515625,0.00465827578369,-1528
1.4275000000000002,0.024375,0.2125,0.04515625,0.00203908691406,-1580
1.4306250000000003,0.003125,0.21875,0.0478515625,0.00228977203369,-1584
1.6931250000000002,0.2625,-0.30625,0.0937890625,0.00879638824463,-1600
1.6968750000000001,0.00375,-0.31375,0.0984390625,0.00969024902588,-1616
1.9831250000000002,0.28625,0.25875,0.0669515625,0.00448251172119,-1860
2.005625,0.0225,0.21375,0.0456890625,0.00208749043213,-1852
2.09375,0.088125,0.39,0.1521,0.02313441,-1916
2.566875,0.473125,-0.55625,0.3094140625,0.0957370620728,-1904
3.055,0.488125,0.42,0.1764,0.03111696,-2060
3.1812500000000004,0.12625,0.6725,0.45225625,0.204535715664,-2072
3.9162500000000002,0.735,-0.7975,0.63600625,0.404503950039,-2408
4.6725,0.75625,0.715,0.511225,0.261351000625,-2416
5.4350000000000005,0.7625,-0.81,0.6561,0.43046721,-2508
6.226875000000001,0.791875,0.77375,0.5986890625,0.358428593557,-2436
6.9750000000000005,0.748125,-0.7225,0.52200625,0.272490525039,-2332
7.69,0.715,0.7075,0.50055625,0.250556559414,-2412
8.4175,0.7275,-0.7475,0.55875625,0.312208546914,-2476
9.141250000000001,0.72375,0.7,0.49,0.2401,-2420
9.871875000000001,0.730625,-0.76125,0.5795015625,0.33582206094,-2432
10.641875,0.77,0.77875,0.6064515625,0.367783497659,-2464
11.422500000000001,0.780625,-0.7825,0.61230625,0.374918943789,-2456
12.174375000000001,0.751875,0.72125,0.5202015625,0.270609665627,-2332
12.175625000000002,0.00125,0.71875,0.5166015625,0.266877174377,-2320
12.895625000000003,0.72,-0.72125,0.5202015625,0.270609665627,-2300
13.577500000000002,0.681875,0.6425,0.41280625,0.170409000039,-2236
14.278125000000003,0.700625,-0.75875,0.5757015625,0.331432289065,-2428
15.043750000000003,0.765625,0.7725,0.59675625,0.356118021914,-2364
15.770625000000003,0.726875,-0.68125,0.4641015625,0.215390260315,-2356
16.424375,0.65375,0.62625,0.3921890625,0.153812260745,-2248
16.425,0.000625,0.6275,0.39375625,0.155043984414,-2256
16.444375,0.019375,0.66625,0.4438890625,0.197037499807,-2264
17.180625,0.73625,-0.80625,0.6500390625,0.422550782776,-2424
17.96125,0.780625,0.755,0.570025,0.324928500625,-2472
18.695625,0.734375,-0.71375,0.5094390625,0.259528158401,-2376
18.696875,0.00125,-0.71625,0.5130140625,0.263183428323,-2388
19.40625,0.709375,0.7025,0.49350625,0.243548418789,-2284
20.06375,0.6575,-0.6125,0.37515625,0.140742211914,-2348
20.065624999999997,0.001875,-0.60875,0.3705765625,0.137326988674,-2352
20.765624999999996,0.7,0.79125,0.6260765625,0.391971862112,-2432
21.579374999999995,0.81375,-0.83625,0.6993140625,0.48904015801,-2568
22.411874999999995,0.8325,0.82875,0.6868265625,0.471730726956,-2576
23.221874999999994,0.81,-0.79125,0.6260765625,0.391971862112,-2436
24.025624999999994,0.80375,0.81625,0.6662640625,0.443907800979,-2464
24.026249999999994,0.000625,0.8175,0.66830625,0.446633243789,-2468
24.811249999999994,0.785,-0.7525,0.56625625,0.320646140664,-2492
25.593749999999993,0.7825,0.8125,0.66015625,0.435806274414,-2436
26.308124999999993,0.714375,-0.61625,0.3797640625,0.144220743167,-2340
26.996249999999993,0.688125,0.76,0.5776,0.33362176,-2380
27.727499999999992,0.73125,-0.7025,0.49350625,0.243548418789,-2388
28.48312499999999,0.755625,0.80875,0.6540765625,0.427816149612,-2552
29.29124999999999,0.808125,-0.8075,0.65205625,0.425177353164,-2524
30.09999999999999,0.80875,0.81,0.6561,0.43046721,-2520
30.92124999999999,0.82125,-0.8325,0.69305625,0.480326965664,-2464
30.92374999999999,0.0025,-0.8375,0.70140625,0.491970727539,-2480
31.75312499999999,0.829375,0.82125,0.6744515625,0.454884910159,-2480
31.75374999999999,0.000625,0.8225,0.67650625,0.457660706289,-2488
32.59562499999999,0.841875,-0.86125,0.7417515625,0.550195380471,-2608
33.45374999999999,0.858125,0.855,0.731025,0.534397550625,-2612
34.309374999999996,0.855625,-0.85625,0.7331640625,0.537529542542,-2552
35.17375,0.864375,0.8725,0.76125625,0.579511078164,-2644
36.036874999999995,0.863125,-0.85375,0.7288890625,0.531279265432,-2628
36.87499999999999,0.838125,0.8225,0.67650625,0.457660706289,-2532
36.87624999999999,0.00125,0.825,0.680625,0.463250390625,-2540
37.69624999999999,0.82,-0.815,0.664225,0.441194850625,-2484
38.50187499999999,0.805625,0.79625,0.6340140625,0.401973831448,-2420
39.27312499999999,0.77125,-0.74625,0.5568890625,0.310125427932,-2244
39.27374999999999,0.000625,-0.7475,0.55875625,0.312208546914,-2252
39.93874999999999,0.665,0.5825,0.33930625,0.115128731289,-2368
39.93999999999999,0.00125,0.585,0.342225,0.117117950625,-2380
40.58937499999999,0.649375,-0.71375,0.5094390625,0.259528158401,-2408
41.33187499999999,0.7425,0.77125,0.5948265625,0.353818639456,-2372
42.12562499999999,0.79375,-0.81625,0.6662640625,0.443907800979,-2492
42.927499999999995,0.801875,0.7875,0.62015625,0.384593774414,-2408
42.92937499999999,0.001875,0.78375,0.6142640625,0.377320338479,-2392
42.93124999999999,0.001875,0.7875,0.62015625,0.384593774414,-2396
43.73374999999999,0.8025,-0.8175,0.66830625,0.446633243789,-2480
44.526875,0.793125,0.76875,0.5909765625,0.349253297424,-2408
45.251875,0.725,-0.68125,0.4641015625,0.215390260315,-2304
46.012499999999996,0.760625,0.84,0.7056,0.49787136,-2540
46.85874999999999,0.84625,-0.8525,0.72675625,0.528174646914,-2532
47.72874999999999,0.87,0.8875,0.78765625,0.620402368164,-2632
48.59499999999999,0.86625,-0.845,0.714025,0.509831700625,-2512
49.43749999999999,0.8425,0.84,0.7056,0.49787136,-2544
49.43812499999999,0.000625,0.84125,0.7077015625,0.500841501565,-2540
50.256249999999994,0.818125,-0.795,0.632025,0.399455600625,-2424
